                                                                                                                                                                                                                                                                                                                                                                                                                                                                                                                                                                                                                                                                                                                                                                                                                                                                                                                                                                            
"1  object  b1"       0.347367   0.531325   2.212488   1.998700   2.315595   2.158335   2.015408   1.792058   0.655512   2.510084   2.273091   1.796045  -0.025240   1.755869   2.373523   0.879812   2.323862   1.124762   0.432364   0.466999   0.666352   0.364909   0.134911   1.909139   1.947352   2.142194   2.107525   2.547933   2.466084   2.421131   2.040430   1.187815   2.430907   2.018520   1.305753   1.764102   1.998991   2.338777   1.616063   2.386550   1.727919   0.625965   1.056592   0.661203   0.631168   0.198117
"2  object4  b2"      0.270016   0.395957   1.840743   1.960054   2.491112   2.413097   2.187500   1.901361   0.532723   2.674389   2.596483   2.193677  -0.367008   1.655138   2.391698   1.378936   2.619015   1.584665   1.057420   0.985996   1.150992   0.870506   0.414103   1.525927   1.374308   1.696087   2.082529   2.527419   2.367249   2.341391   1.933264   1.076630   2.654739   2.392413   1.674053   1.496764   2.005401   2.593638   2.049148   2.689181   2.131621   1.146887   1.613898   1.132623   0.954089   0.376833
"3  object16  b3"     0.238184   0.309997   1.835387   1.801247   2.333585   2.279890   2.007969   1.665478   0.270041   2.564288   2.327167   1.640484  -0.153664   1.776928   2.287507   1.254592   2.380713   1.096984   0.676307   0.591692   0.557312   0.201629   0.063449   1.621389   1.546027   1.731963   2.081675   2.443443   2.257822   2.165688   1.680013   0.641841   2.447198   1.993301   1.091507   1.547868   2.048952   2.492024   1.801443   2.378855   1.480936   0.738405   1.135358   0.572349   0.333798   0.011437
"4  object64  b4"     0.071063   0.117341   1.663309   1.544019   2.005588   1.822951   1.320474   0.931850  -0.152953   2.028507   1.567058   0.908665   0.187641   1.965516   2.096481   0.833535   1.942750   0.409363   0.032616   0.068537   0.016879  -0.175504  -0.184095   1.679280   1.640661   1.608192   1.664631   1.950828   1.668103   1.475395   0.950827   0.485938   2.022663   1.425014   0.623773   1.892559   2.152888   2.254333   1.214180   1.852731   0.770102   0.046489   0.417030  -0.081150  -0.162356  -0.203520
"5  object256  b5"    0.267448   0.306844   1.799358   1.604718   1.885911   1.534460   1.039911   0.712134  -0.168494   1.708415   1.140934   0.594414   0.213925   2.171299   1.949178   0.841079   1.636564   0.188259   0.008952   0.197190  -0.082555  -0.219542  -0.047695   2.053939   1.992793   1.787190   1.630895   1.868355   1.571760   1.274830   0.768950   0.403828   1.594663   0.989087   0.403839   2.192675   2.105127   1.974047   1.190679   1.677011   0.891513   0.253753   0.514519   0.057176   0.089570   0.466874
"6  object  SE1"      0.241580   0.243015   0.172711   0.172716   0.139289   0.154522   0.167256   0.174854   0.192761   0.125547   0.144468   0.170840   0.204330   0.152458   0.130815   0.212927   0.139800   0.220179   0.235114   0.229534   0.214205   0.201124   0.204834   0.177864   0.175112   0.179728   0.159645   0.136076   0.151076   0.150251   0.171366   0.177572   0.128137   0.154105   0.184054   0.159263   0.131885   0.116675   0.185786   0.140503   0.197964   0.236867   0.224225   0.233869   0.229752   0.229120
"7  object4  SE2"     0.238498   0.240016   0.170430   0.170568   0.137319   0.152325   0.164865   0.172379   0.189993   0.123796   0.142445   0.168388   0.201389   0.150253   0.128966   0.210105   0.137850   0.217328   0.232184   0.226486   0.211223   0.198265   0.201882   0.175542   0.172671   0.177297   0.157585   0.134194   0.148928   0.148095   0.168935   0.175022   0.126319   0.151897   0.181407   0.156987   0.129959   0.114991   0.183275   0.138545   0.195373   0.233967   0.221369   0.230980   0.226716   0.226047
"8  object16  SE3"    0.237919   0.239474   0.170032   0.170164   0.136982   0.151958   0.164477   0.172009   0.189584   0.123489   0.142090   0.167987   0.200932   0.149908   0.128692   0.209584   0.137508   0.216798   0.231621   0.225927   0.210732   0.197835   0.201422   0.175142   0.172293   0.176907   0.157193   0.133863   0.148575   0.147753   0.168570   0.174656   0.126031   0.151552   0.181001   0.156633   0.129668   0.114730   0.182840   0.138221   0.194901   0.233407   0.220827   0.230415   0.226153   0.225543
"9  object64  SE4"    0.240532   0.242016   0.171937   0.171994   0.138607   0.153763   0.166430   0.174000   0.191803   0.124941   0.143766   0.169992   0.203313   0.151694   0.130177   0.211955   0.139125   0.219207   0.234116   0.228488   0.213181   0.200137   0.203813   0.177080   0.174273   0.178898   0.158932   0.135427   0.150334   0.149506   0.170527   0.176689   0.127510   0.153342   0.183139   0.158478   0.131217   0.116092   0.184929   0.139831   0.197083   0.235886   0.223248   0.232871   0.228707   0.228074
"10  object256  SE5"   0.240958   0.242376   0.172233   0.172274   0.138890   0.154072   0.166761   0.174330   0.192178   0.125194   0.144064   0.170335   0.203716   0.151999   0.130424   0.212368   0.139409   0.219604   0.234533   0.228923   0.213582   0.200521   0.204218   0.177373   0.174595   0.179212   0.159247   0.135697   0.150632   0.149803   0.170852   0.177033   0.127757   0.153644   0.183500   0.158787   0.131483   0.116324   0.185265   0.140096   0.197433   0.236287   0.223658   0.233317   0.229150   0.228468
"11  object  t1"      1.437897   2.186384  12.810386  11.572175  16.624374  13.967776  12.049835  10.248894   3.400640  19.993162  15.734266  10.513028  -0.123525  11.517097  18.144093   4.131995  16.622709   5.108393   1.838951   2.034550   3.110820   1.814346   0.658639  10.733686  11.120631  11.919098  13.201308  18.724287  16.323519  16.113861  11.906873   6.689206  18.971184  13.098314   7.094403  11.076649  15.157102  20.045191   8.698544  16.985710   8.728436   2.642688   4.712203   2.827239   2.747167   0.864686
"12  object4  t2"     1.132151   1.649713  10.800558  11.491318  18.141005  15.841764  13.268457  11.030115   2.803914  21.603230  18.227911  13.027529  -1.822382  11.015701  18.545155   6.563072  18.999039   7.291595   4.554228   4.353460   5.449181   4.390616   2.051207   8.692654   7.959095   9.566346  13.215310  18.834017  15.895272  15.810096  11.443837   6.151407  21.016098  15.750274   9.228140   9.534290  15.430986  22.555222  11.180710  19.410200  10.910544   4.901912   7.290543   4.903554   4.208303   1.667057
"13  object16  t3"    1.001115   1.294490  10.794384  10.585380  17.035744  15.003459  12.208178   9.682528   1.424392  20.765244  16.378096   9.765546  -0.764756  11.853487  17.775040   5.986117  17.313318   5.059938   2.919888   2.618952   2.644651   1.019177   0.315004   9.257576   8.973236   9.790268  13.242837  18.253304  15.196516  14.657459   9.966290   3.674888  19.417419  13.152628   6.030393   9.882121  15.801559  21.720814   9.852581  17.210556   7.598394   3.163601   5.141393   2.483991   1.475980   0.050710
"14  object64  t4"    0.295440   0.484848   9.673917   8.977152  14.469599  11.855597   7.934107   5.355463  -0.797449  16.235682  10.900064   5.345356   0.922918  12.957079  16.104845   3.932610  13.964052   1.867471   0.139314   0.299960   0.079174  -0.876921  -0.903254   9.483191   9.414312   8.989420  10.473862  14.405045  11.095951   9.868456   5.575818   2.750250  15.862723   9.293022   3.406007  11.942128  16.407089  19.418449   6.565653  13.249798   3.907495   0.197081   1.868010  -0.348476  -0.709885  -0.892342
"15  object256  t5"   1.109935   1.265985  10.447226   9.314914  13.578422   9.959354   6.235943   4.084966  -0.876763  13.646102   7.919662   3.489675   1.050117  14.284971  14.944982   3.960489  11.739314   0.857265   0.038168   0.861383  -0.386523  -1.094862  -0.233552  11.579792  11.413776   9.972518  10.241308  13.768615  10.434445   8.510070   4.500667   2.281091  12.482038   6.437534   2.200764  13.808949  16.010645  16.970310   6.426905  11.970480   4.515520   1.073919   2.300477   0.245056   0.390879   2.043499
"16  object  p1"      0.150766   0.029015   0.000000   0.000000   0.000000   0.000000   0.000000   0.000000   0.000698   0.000000   0.000000   0.000000   0.901806   0.000000   0.000000   0.000039   0.000000   0.000000   0.066215   0.042155   0.001918   0.069918   0.510286   0.000000   0.000000   0.000000   0.000000   0.000000   0.000000   0.000000   0.000000   0.000000   0.000000   0.000000   0.000000   0.000000   0.000000   0.000000   0.000000   0.000000   0.000000   0.008352   0.000003   0.004787   0.006118   0.387418
"17  object4  p2"     0.257845   0.099311   0.000000   0.000000   0.000000   0.000000   0.000000   0.000000   0.005145   0.000000   0.000000   0.000000   0.068688   0.000000   0.000000   0.000000   0.000000   0.000000   0.000006   0.000015   0.000000   0.000012   0.040502   0.000000   0.000000   0.000000   0.000000   0.000000   0.000000   0.000000   0.000000   0.000000   0.000000   0.000000   0.000000   0.000000   0.000000   0.000000   0.000000   0.000000   0.000000   0.000001   0.000000   0.000001   0.000028   0.095811
"18  object16  p3"    0.316996   0.195791   0.000000   0.000000   0.000000   0.000000   0.000000   0.000000   0.154644   0.000000   0.000000   0.000000   0.444598   0.000000   0.000000   0.000000   0.000000   0.000000   0.003579   0.008951   0.008304   0.308365   0.752835   0.000000   0.000000   0.000000   0.000000   0.000000   0.000000   0.000000   0.000000   0.000250   0.000000   0.000000   0.000000   0.000000   0.000000   0.000000   0.000000   0.000000   0.000000   0.001604   0.000000   0.013152   0.140256   0.959748
"19  object64  p4"    0.767748   0.627858   0.000000   0.000000   0.000000   0.000000   0.000000   0.000000   0.425373   0.000000   0.000000   0.000000   0.356252   0.000000   0.000000   0.000090   0.000000   0.062123   0.889205   0.764248   0.936699   0.380733   0.366608   0.000000   0.000000   0.000000   0.000000   0.000000   0.000000   0.000000   0.000000   0.006061   0.000000   0.000000   0.000685   0.000000   0.000000   0.000000   0.000000   0.000000   0.000099   0.843815   0.062047   0.727561   0.477913   0.372417
"20  object256  p5"   0.267298   0.205810   0.000000   0.000000   0.000000   0.000000   0.000000   0.000048   0.380809   0.000000   0.000000   0.000504   0.293916   0.000000   0.000000   0.000080   0.000000   0.391498   0.969567   0.389217   0.699181   0.273829   0.815371   0.000000   0.000000   0.000000   0.000000   0.000000   0.000000   0.000000   0.000008   0.022749   0.000000   0.000000   0.027976   0.000000   0.000000   0.000000   0.000000   0.000000   0.000007   0.283108   0.021623   0.806428   0.696005   0.041260
