                                                                                                                                                                                                                                                                                                                                                                                                                                                                                                                                                                                                                                                                                                                                                                                                                                                                                                                                                                            
"1  object  b1"       0.921592   1.417797   1.797212   1.832483   1.293844   0.553230   0.256446   0.548490   0.119764   1.670128   1.729161   0.603362   1.833188   1.574031   1.226820   1.172211   1.698597   1.190690   0.200209   0.264549   0.622609   0.560210   0.029019   0.612647   0.826264   1.719818   1.983340   1.894580   1.102208   1.114211   0.984615   1.061222   1.294899   0.698282   0.054088   1.231222   0.558472   0.929877   1.298404   1.405839   0.707929   0.442857   0.482057   0.557920   0.679451  -0.309197
"2  object4  b2"      0.327270   0.660313   1.466171   1.525501   1.365784   0.673070   0.053758   0.117569  -0.259264   1.158980   1.350321   0.497998   1.550349   1.276958   0.767852   1.260157   1.426601   0.899715  -0.182532   0.013821   0.267935   0.098828  -0.087240   0.144854   0.444326   1.135663   1.422789   1.678732   1.010375   0.914305   0.636899   0.338583   0.801466   0.654192   0.053594   1.233429   0.236504   0.408929   1.247551   1.092263   0.452758   0.161844   0.138562   0.364592   0.421333  -0.366810
"3  object16  b3"     0.632292   1.014169   2.030465   2.095507   1.859991   1.121301   0.508872   0.524696  -0.274565   1.325552   1.362642   0.538481   1.292493   1.165271   0.723633   1.325282   1.575995   1.017294   0.208949   0.428396   0.563734   0.436122   0.171425   0.158467   0.878221   1.883394   2.069358   2.175568   1.510900   1.327807   0.956437   0.403906   1.041620   0.700537   0.103725   1.193731   0.243094   0.585329   1.249174   1.159681   0.702198   0.556851   0.534818   0.579968   0.585630   0.228383
"4  object64  b4"     0.561293   0.897056   1.644256   1.656675   1.470895   0.652147  -0.001377  -0.142306  -0.485001   0.826986   0.584066  -0.355952   1.246583   1.117204   0.635453   0.940936   1.023599   0.381658  -0.359727  -0.232040  -0.193735  -0.280432  -0.192767   0.237430   0.427281   1.716167   1.806456   1.810622   0.982419   0.792712   0.627003  -0.197207   0.307403  -0.051253  -0.675376   1.195043   0.063467   0.405308   0.775374   0.327254  -0.033346   0.013986  -0.040082  -0.036450  -0.005981  -0.064129
"5  object256  b5"    0.955832   1.272173   1.851356   1.883775   1.627241   0.929941   0.358708   0.139626  -0.327281   1.273549   0.938553   0.126442   1.550362   1.561350   1.226643   1.100742   1.284682   0.658580  -0.050120   0.320458   0.469745   0.394636   0.289399   0.626232   0.894507   1.934435   1.935997   1.869017   1.215396   1.080911   0.715567   0.074810   0.712903   0.307935  -0.148999   1.520952   0.604275   0.824167   0.992455   0.535477   0.186697   0.270637   0.334101   0.401649   0.478177   0.219452
"6  object  SE1"      0.211535   0.202372   0.176661   0.179024   0.193505   0.218742   0.213407   0.203817   0.178164   0.207096   0.202175   0.219104   0.178497   0.196471   0.196976   0.212655   0.201258   0.221315   0.239473   0.217505   0.227949   0.224976   0.224153   0.197405   0.183594   0.174980   0.175813   0.171658   0.203707   0.203799   0.204337   0.165552   0.218435   0.225305   0.224861   0.202004   0.211669   0.218749   0.216626   0.211739   0.236131   0.240413   0.238427   0.230665   0.229474   0.228530
"7  object4  SE2"     0.208891   0.199960   0.174796   0.177082   0.191181   0.215988   0.210585   0.200996   0.175594   0.205012   0.199971   0.216710   0.175991   0.194091   0.194658   0.210596   0.199234   0.219300   0.237177   0.215224   0.225768   0.222703   0.221477   0.194826   0.181671   0.172991   0.173969   0.169641   0.201256   0.201290   0.201662   0.163133   0.216205   0.223046   0.222728   0.199576   0.209186   0.216246   0.214795   0.209433   0.234068   0.238197   0.236124   0.228245   0.227077   0.225698
"8  object16  SE3"    0.208542   0.199658   0.174563   0.176805   0.190850   0.215586   0.210199   0.200596   0.175226   0.204706   0.199687   0.216419   0.175618   0.193769   0.194400   0.210293   0.198946   0.218999   0.236791   0.214966   0.225454   0.222403   0.221121   0.194508   0.181545   0.172753   0.173694   0.169359   0.200930   0.200970   0.201308   0.162780   0.215882   0.222731   0.222452   0.199244   0.208897   0.215908   0.214494   0.209123   0.233710   0.237810   0.235736   0.227887   0.226726   0.225283
"9  object64  SE4"    0.210622   0.201536   0.176014   0.178363   0.192711   0.217801   0.212433   0.202843   0.177273   0.206393   0.201413   0.218271   0.177633   0.195652   0.196164   0.211962   0.200571   0.220641   0.238726   0.216705   0.227212   0.224194   0.223231   0.196509   0.182895   0.174287   0.175191   0.170968   0.202862   0.202930   0.203412   0.164712   0.217681   0.224535   0.224126   0.201170   0.210803   0.217889   0.216033   0.210947   0.235473   0.239704   0.237678   0.229848   0.228664   0.227563
"10  object256  SE5"   0.210962   0.201849   0.176255   0.178597   0.192999   0.218144   0.212799   0.203214   0.177621   0.206634   0.201694   0.218584   0.177965   0.195953   0.196475   0.212198   0.200811   0.220865   0.238954   0.217011   0.227466   0.224478   0.223571   0.196849   0.183187   0.174549   0.175405   0.171218   0.203174   0.203255   0.203760   0.165044   0.217942   0.224807   0.224393   0.201476   0.211132   0.218203   0.216208   0.211234   0.235657   0.239907   0.237907   0.230130   0.228945   0.227914
"11  object  t1"      4.356687   7.005886  10.173225  10.235967   6.686344   2.529145   1.201677   2.691090   0.672215   8.064500   8.552811   2.753770  10.270152   8.011525   6.228285   5.512272   8.439888   5.380058   0.836040   1.216290   2.731348   2.490082   0.129459   3.103503   4.500504   9.828663  11.280983  11.036955   5.410743   5.467211   4.818596   6.410210   5.928071   3.099276   0.240541   6.095029   2.638417   4.250878   5.993762   6.639489   2.998039   1.842069   2.021827   2.418746   2.960900  -1.352984
"12  object4  t2"     1.566704   3.302225   8.387920   8.614667   7.143922   3.116232   0.255281   0.584935  -1.476502   5.653228   6.752593   2.297993   8.809249   6.579164   3.944613   5.983762   7.160441   4.102665  -0.769606   0.064218   1.186774   0.443765  -0.393900   0.743503   2.445764   6.564872   8.178421   9.895786   5.020359   4.542230   3.158242   2.075506   3.706970   2.932996   0.240626   6.180247   1.130592   1.891037   5.808109   5.215343   1.934302   0.679453   0.586819   1.597370   1.855461  -1.625227
"13  object16  t3"    3.031959   5.079542  11.631678  11.852052   9.745845   5.201173   2.420911   2.615680  -1.566920   6.475402   6.823897   2.488136   7.359698   6.013715   3.722392   6.302062   7.921721   4.645200   0.882423   1.992856   2.500433   1.960954   0.775253   0.814704   4.837477  10.902207  11.913781  12.845905   7.519540   6.606995   4.751108   2.481301   4.824957   3.145218   0.466282   5.991311   1.163705   2.711009   5.823824   5.545462   3.004574   2.341582   2.268712   2.544986   2.582982   1.013762
"14  object64  t4"    2.664933   4.451102   9.341628   9.288228   7.632636   2.994234  -0.006481  -0.701556  -2.735903   4.006844   2.899838  -1.630781   7.017749   5.710154   3.239403   4.439180   5.103428   1.729768  -1.506864  -1.070765  -0.852665  -1.250843  -0.863534   1.208239   2.336203   9.846803  10.311362  10.590436   4.842789   3.906333   3.082426  -1.197281   1.412176  -0.228265  -3.013372   5.940454   0.301074   1.860158   3.589152   1.551355  -0.141611   0.058348  -0.168640  -0.158582  -0.026155  -0.281805
"15  object256  t5"   4.530821   6.302602  10.503869  10.547623   8.431355   4.262958   1.685669   0.687088  -1.842579   6.163296   4.653357   0.578461   8.711604   7.967963   6.243257   5.187345   6.397457   2.981819  -0.209749   1.476687   2.065123   1.758013   1.294439   3.181283   4.883029  11.082499  11.037299  10.916023   5.982032   5.318000   3.511816   0.453271   3.271067   1.369776  -0.664010   7.549055   2.862073   3.777067   4.590277   2.534989   0.792238   1.128088   1.404336   1.745315   2.088611   0.962870
"16  object  p1"      0.000015   0.000000   0.000000   0.000000   0.000000   0.011584   0.229765   0.007239   0.501623   0.000000   0.000000   0.005996   0.000000   0.000000   0.000000   0.000000   0.000000   0.000000   0.403316   0.224160   0.006417   0.012930   0.896873   0.001965   0.000008   0.000000   0.000000   0.000000   0.000000   0.000000   0.000002   0.000000   0.000000   0.001993   0.809911   0.000000   0.008456   0.000023   0.000000   0.000000   0.002783   0.065757   0.043456   0.015749   0.003138   0.176358
"17  object4  p2"     0.117491   0.000993   0.000000   0.000000   0.000000   0.001883   0.798552   0.558718   0.140117   0.000000   0.000000   0.021764   0.000000   0.000000   0.000085   0.000000   0.000000   0.000044   0.441704   0.948796   0.235591   0.657349   0.693720   0.457360   0.014623   0.000000   0.000000   0.000000   0.000001   0.000006   0.001634   0.038190   0.000221   0.003432   0.809814   0.000000   0.258489   0.058902   0.000000   0.000000   0.053352   0.497003   0.557465   0.110496   0.063819   0.104426
"18  object16  p3"    0.002491   0.000000   0.000000   0.000000   0.000000   0.000000   0.015655   0.009037   0.117441   0.000000   0.000000   0.013001   0.000000   0.000000   0.000208   0.000000   0.000000   0.000004   0.377759   0.046543   0.012560   0.050157   0.438376   0.415426   0.000002   0.000000   0.000000   0.000000   0.000000   0.000000   0.000002   0.013251   0.000002   0.001708   0.641133   0.000000   0.244821   0.006820   0.000000   0.000000   0.002725   0.019394   0.023495   0.011075   0.009934   0.310940
"19  object64  p4"    0.007822   0.000009   0.000000   0.000000   0.000000   0.002818   0.993786   0.483103   0.006329   0.000066   0.003814   0.103246   0.000000   0.000000   0.001237   0.000010   0.000000   0.083975   0.132156   0.284533   0.394035   0.211271   0.388055   0.227232   0.019674   0.000000   0.000000   0.000000   0.000001   0.000100   0.002108   0.231479   0.158203   0.819452   0.002647   0.000000   0.763401   0.063151   0.000348   0.121129   0.887329   0.953528   0.866069   0.874097   0.979394   0.778124
"20  object256  p5"   0.000007   0.000000   0.000000   0.000000   0.000000   0.000022   0.092166   0.492176   0.065681   0.000000   0.000004   0.563112   0.000000   0.000000   0.000000   0.000000   0.000000   0.002934   0.833908   0.140068   0.039164   0.079045   0.195807   0.001511   0.000001   0.000000   0.000000   0.000000   0.000000   0.000000   0.000465   0.650466   0.001107   0.171062   0.506843   0.000000   0.004295   0.000168   0.000005   0.011394   0.428418   0.259545   0.160520   0.081232   0.036991   0.335834
