                                                                                                                                                                                                                                                                                                                                                                                                                                                                                                                                                                                                                                                                                                                                                                                                                                                                                                                                                                            
"1  object  b1"       1.570693   2.084016   2.393397   2.393190   2.395580   2.329359   2.042286   1.856743   1.648797   1.964391   0.685256   0.108675   1.428427   1.865254   1.674568   0.524052   1.715136   1.039439   0.336267   0.190358   0.446751   0.285657   0.237065   0.724962   0.971879   1.814939   2.350642   2.402611   2.344188   2.164448   1.615683   1.532455   1.945504   0.116182  -0.005256   0.731932   1.945092   2.264862   1.167910   1.639144   1.044554   0.614755   0.308302  -0.219369  -0.269058   0.101688
"2  object4  b2"      1.441541   1.750413   1.836231   2.274333   2.611284   2.537520   2.469525   2.236638   1.211678   2.439238   1.370465   0.750316   1.674264   2.383053   2.057359   0.961836   2.304169   1.421802   0.832881   1.000166   1.305203   1.219971   0.502620   0.338090   0.699038   1.316973   2.071175   2.387763   2.459898   2.233678   1.740302   1.240022   2.600450   0.737644   0.288551   0.415724   1.698239   2.276720   1.570820   2.030755   1.544276   1.343794   0.798482   0.046162   0.000470   0.332047
"3  object16  b3"     1.533272   1.951668   2.203291   2.486824   2.716354   2.665811   2.336129   2.038463   1.000090   2.286657   0.829148   0.056841   1.677718   2.284476   2.128376   0.524755   2.124779   1.116184   0.718037   0.674526   0.921788   0.722285   0.312509   0.435801   0.769829   1.473530   2.182426   2.324391   2.242808   2.018995   1.509144   0.888919   2.489229   0.250553  -0.542139   0.510655   1.804254   2.329115   1.202927   1.650889   0.980050   0.998246   0.459789  -0.151157  -0.212487   0.021537
"4  object64  b4"     1.643098   2.084478   2.315254   2.436481   2.492127   2.383057   1.771576   1.402541   0.782181   1.653620   0.352581  -0.123611   1.891342   2.162435   1.679263   0.190612   1.359614   0.281484  -0.072267   0.047937   0.283584   0.209837   0.446113   0.739171   0.553406   1.633930   2.007857   1.979851   1.642350   1.407747   1.076292   0.603363   1.797530  -0.181579  -0.738143   0.972954   1.847243   2.179382   0.916758   1.306225   0.272344   0.252709  -0.234454  -0.634464  -0.702512   0.109806
"5  object256  b5"    1.865281   2.519553   2.522089   2.352070   2.224903   2.196476   1.531425   1.218290   0.634305   1.166824  -0.057321  -0.329486   1.940163   2.129527   1.228640   0.162019   0.976409   0.129506  -0.048777  -0.108939   0.090210  -0.092739   0.192161   1.127441   1.221524   1.932957   1.995648   1.731856   1.509520   1.160804   0.787235   0.563548   1.225485  -0.183721  -0.605917   1.178188   1.874137   2.003420   0.958305   1.102870  -0.133339   0.033691  -0.329523  -0.609361  -0.583539   0.105108
"6  object  SE1"      0.174859   0.159840   0.146235   0.137181   0.113368   0.120580   0.140835   0.145097   0.169466   0.165606   0.215366   0.215769   0.179800   0.147331   0.174788   0.240968   0.183487   0.216510   0.238316   0.228918   0.228721   0.220622   0.212610   0.208064   0.238864   0.186420   0.159927   0.134009   0.137371   0.142243   0.149384   0.158648   0.133627   0.170802   0.188623   0.222167   0.169254   0.137893   0.206775   0.166246   0.207198   0.215800   0.228080   0.240062   0.244349   0.225085
"7  object4  SE2"     0.172540   0.157717   0.144183   0.135320   0.111774   0.118865   0.138842   0.143028   0.167048   0.163448   0.212607   0.213007   0.177488   0.145506   0.172508   0.238458   0.181087   0.213843   0.235807   0.226090   0.225947   0.217718   0.209753   0.205141   0.236313   0.183931   0.157826   0.132184   0.135451   0.140243   0.147224   0.156373   0.131915   0.168597   0.186274   0.219437   0.167066   0.136022   0.204352   0.164175   0.204605   0.213201   0.225231   0.237254   0.241539   0.222316
"8  object16  SE3"    0.172108   0.157358   0.143844   0.135008   0.111526   0.118593   0.138554   0.142736   0.166707   0.163108   0.212204   0.212636   0.177129   0.145266   0.172135   0.237998   0.180686   0.213437   0.235368   0.225643   0.225480   0.217263   0.209353   0.204684   0.235820   0.183564   0.157514   0.131942   0.135184   0.139970   0.146917   0.156056   0.131718   0.168355   0.186023   0.219014   0.166756   0.135744   0.204025   0.163947   0.204240   0.212836   0.224782   0.236769   0.241025   0.221937
"9  object64  SE4"    0.174056   0.159120   0.145529   0.136546   0.112819   0.119989   0.140146   0.144380   0.168628   0.164872   0.214422   0.214816   0.179015   0.146701   0.174016   0.240163   0.182675   0.215605   0.237501   0.227963   0.227794   0.219633   0.211625   0.207058   0.238050   0.185566   0.159208   0.133377   0.136707   0.141550   0.148634   0.157859   0.133029   0.170031   0.187799   0.221243   0.168503   0.137251   0.205942   0.165521   0.206309   0.214910   0.227116   0.239133   0.243430   0.224133
"10  object256  SE5"   0.174406   0.159391   0.145809   0.136790   0.113032   0.120222   0.140412   0.144658   0.168953   0.165142   0.214769   0.215171   0.179301   0.146935   0.174300   0.240405   0.182976   0.215929   0.237755   0.228303   0.228117   0.219999   0.211996   0.207448   0.238303   0.185885   0.159475   0.133618   0.136961   0.141816   0.148927   0.158166   0.133257   0.170327   0.188116   0.221573   0.168781   0.137493   0.206247   0.165800   0.206636   0.215234   0.227462   0.239447   0.243736   0.224484
"11  object  t1"      8.982640  13.038116  16.366825  17.445465  21.131048  19.317923  14.501218  12.796550   9.729348  11.861843   3.181828   0.503666   7.944520  12.660278   9.580544   2.174778   9.347431   4.800884   1.411013   0.831556   1.953261   1.294780   1.115020   3.484327   4.068754   9.735770  14.698193  17.928661  17.064701  15.216591  10.815674   9.659438  14.559260   0.680216  -0.027866   3.294505  11.492152  16.424789   5.648210   9.859721   5.041328   2.848720   1.351725  -0.913800  -1.101119   0.451779
"12  object4  t2"     8.354813  11.098455  12.735380  16.807024  23.362171  21.348000  17.786619  15.637793   7.253493  14.923648   6.446001   3.522490   9.433087  16.377726  11.926186   4.033560  12.724084   6.648820   3.532038   4.423748   5.776595   5.603444   2.396251   1.648084   2.958104   7.160134  13.123173  18.063923  18.160767  15.927156  11.820776   7.929904  19.713125   4.375180   1.549062   1.894505  10.165061  16.737885   7.686835  12.369471   7.547589   6.302957   3.545172   0.194569   0.001945   1.493579
"13  object16  t3"    8.908759  12.402699  15.317268  18.419811  24.356190  22.478643  16.860817  14.281363   5.999103  14.019265   3.907307   0.267314   9.471750  15.726153  12.364609   2.204874  11.759491   5.229575   3.050696   2.989356   4.088117   3.324464   1.492735   2.129144   3.264472   8.027343  13.855486  17.616806  16.590794  14.424490  10.272062   5.696149  18.898211   1.488238  -2.914369   2.331608  10.819754  17.158182   5.895978  10.069682   4.798527   4.690202   2.045489  -0.638417  -0.881594   0.097041
"14  object64  t4"    9.440072  13.100071  15.909211  17.843599  22.089556  19.860701  12.640899   9.714207   4.638488  10.029701   1.644333  -0.575427  10.565287  14.740449   9.650065   0.793677   7.442801   1.305554  -0.304283   0.210285   1.244912   0.955398   2.108034   3.569870   2.324750   8.805094  12.611516  14.843965  12.013669   9.945213   7.241201   3.822157  13.512297  -1.067918  -3.930484   4.397664  10.962668  15.878849   4.451534   7.891584   1.320078   1.175883  -1.032306  -2.653184  -2.885888   0.489914
"15  object256  t5"  10.695065  15.807358  17.297195  17.194700  19.683865  18.270224  10.906617   8.421850   3.754318   7.065594  -0.266896  -1.531271  10.820698  14.492945   7.048998   0.673941   5.336282   0.599762  -0.205157  -0.477169   0.395454  -0.421544   0.906438   5.434809   5.125930  10.398663  12.513890  12.961266  11.021522   8.185254   5.286032   3.563010   9.196383  -1.078638  -3.220968   5.317381  11.103947  14.571114   4.646389   6.651823  -0.645287   0.156532  -1.448694  -2.544865  -2.394141   0.468223
"16  object  p1"      0.000000   0.000000   0.000000   0.000000   0.000000   0.000000   0.000000   0.000000   0.000000   0.000000   0.001508   0.614636   0.000000   0.000000   0.000000   0.029876   0.000000   0.000002   0.158547   0.405862   0.051061   0.195694   0.265103   0.000514   0.000051   0.000000   0.000000   0.000000   0.000000   0.000000   0.000000   0.000000   0.000000   0.496522   0.977599   0.001020   0.000000   0.000000   0.000000   0.000000   0.000001   0.004478   0.176769   0.361047   0.271109   0.651528
"17  object4  p2"     0.000000   0.000000   0.000000   0.000000   0.000000   0.000000   0.000000   0.000000   0.000000   0.000000   0.000000   0.000446   0.000000   0.000000   0.000000   0.000059   0.000000   0.000000   0.000431   0.000011   0.000000   0.000000   0.016743   0.099644   0.003167   0.000000   0.000000   0.000000   0.000000   0.000000   0.000000   0.000000   0.000000   0.000013   0.121676   0.058440   0.000000   0.000000   0.000000   0.000000   0.000000   0.000000   0.000410   0.845755   1.000000   0.135596
"18  object16  p3"    0.000000   0.000000   0.000000   0.000000   0.000000   0.000000   0.000000   0.000000   0.000000   0.000000   0.000099   0.789244   0.000000   0.000000   0.000000   0.027686   0.000000   0.000000   0.002342   0.002863   0.000047   0.000918   0.135815   0.033481   0.001133   0.000000   0.000000   0.000000   0.000000   0.000000   0.000000   0.000000   0.000000   0.136997   0.003642   0.019916   0.000000   0.000000   0.000000   0.000000   0.000002   0.000003   0.041063   0.523327   0.378206   0.922761
"19  object64  p4"    0.000000   0.000000   0.000000   0.000000   0.000000   0.000000   0.000000   0.000000   0.000004   0.000000   0.100415   0.565137   0.000000   0.000000   0.000000   0.427570   0.000000   0.191997   0.760957   0.833570   0.213449   0.339599   0.035272   0.000374   0.020281   0.000000   0.000000   0.000000   0.000000   0.000000   0.000000   0.000140   0.000000   0.285813   0.000091   0.000012   0.000000   0.000000   0.000009   0.000000   0.187106   0.239914   0.302164   0.008098   0.003986   0.624329
"20  object256  p5"   0.000000   0.000000   0.000000   0.000000   0.000000   0.000000   0.000000   0.000000   0.000184   0.000000   0.789593   0.126011   0.000000   0.000000   0.000000   0.500475   0.000000   0.548771   0.837448   0.633372   0.692585   0.673451   0.364919   0.000000   0.000000   0.000000   0.000000   0.000000   0.000000   0.000000   0.000000   0.000384   0.000000   0.281012   0.001318   0.000000   0.000000   0.000000   0.000004   0.000000   0.518906   0.875767   0.147730   0.011079   0.016839   0.639739
