                                                                                                                                                                                                                                                                                                                                                                                                                                                                                                                                                                                                                                                                                                                                                                                                                                                                                                                                                                            
"1  object  b1"       1.637098   0.993931   1.372864   1.112289   0.507866   0.251263   0.206760   0.136406   0.400295   0.895226   0.233620   0.132648   2.028004   0.842342   2.106682   0.581558   1.088928   0.204697   0.045082  -0.176220   0.090744   0.181248  -0.092949   1.560150   1.193497   1.092033   0.856041   0.497513   0.543873   0.799538   0.534733   0.872749   1.743572   0.835503   0.251553   1.199837   0.790668   1.536240   1.412010   1.421432   0.164173   0.054567   0.055370   0.033569   0.123585  -0.141891
"2  object4  b2"      1.460556   0.986481   1.366188   1.180809   0.732189   0.517681   0.433586   0.227413   0.527359   1.083874   0.516895   0.506699   1.930946   1.181667   2.074474   0.951736   1.315807   0.501587   0.283501   0.018482   0.261143   0.439262   0.339523   1.719215   1.415539   1.087009   0.916672   0.667870   0.820736   1.031647   0.684208   0.693771   1.852901   1.011837   0.594624   1.664467   0.767151   1.454838   1.797352   1.696465   0.469379   0.332670   0.303078   0.466312   0.588669   0.060137
"3  object16  b3"     1.499737   0.931709   1.342751   1.113548   0.614502   0.377888   0.272163   0.177147   0.434261   0.858414   0.358345   0.457253   1.867439   1.204906   1.965210   0.902542   1.205887   0.448830   0.276390   0.199039   0.273911   0.361568   0.164509   1.602394   1.389000   1.134373   0.864067   0.576538   0.661507   0.862434   0.634155   0.609749   1.652172   0.828514   0.428196   1.598133   0.741844   1.368340   1.591644   1.473511   0.503429   0.371128   0.449490   0.519089   0.528488   0.161291
"4  object64  b4"     1.586111   1.017155   1.357536   0.975159   0.395859   0.136166   0.083752   0.028126   0.140388   0.572235   0.022964   0.185745   1.993820   1.403973   1.829556   0.701771   0.931808   0.155697   0.079842   0.065212   0.024551   0.069435   0.041946   1.612000   1.452606   1.082176   0.740746   0.385921   0.361309   0.496368   0.318489   0.220379   1.381172   0.704277   0.247475   1.682922   0.962055   1.431084   1.361423   1.070900   0.283566   0.184065   0.345486   0.269978   0.213581   0.180809
"5  object256  b5"    1.759386   1.042362   1.215820   0.847519   0.372643   0.218925   0.126797   0.005226   0.060528   0.425346  -0.056778   0.086365   2.111710   1.362583   1.593784   0.656235   0.703907  -0.025986  -0.164524  -0.203876  -0.264832  -0.085915   0.065376   1.718098   1.436302   1.101242   0.721184   0.389675   0.370941   0.486675   0.264168   0.254936   1.222637   0.573021   0.226860   1.568111   0.932617   1.393425   1.182640   0.949013   0.123272  -0.014627  -0.102911  -0.410892  -0.273331  -0.023439
"6  object  SE1"      0.227027   0.128222   0.102885   0.095226   0.082084   0.100902   0.103034   0.084294   0.119093   0.101102   0.107417   0.119370   0.252945   0.118125   0.154924   0.154196   0.125849   0.182832   0.163113   0.171262   0.244240   0.158148   0.132466   0.218469   0.125861   0.095796   0.088371   0.079174   0.103529   0.110810   0.087028   0.126852   0.141617   0.106174   0.118435   0.134888   0.107957   0.127097   0.174076   0.142862   0.130693   0.202369   0.268892   0.476666   0.393781   0.113608
"7  object4  SE2"     0.224544   0.126435   0.101402   0.093883   0.080910   0.099498   0.101623   0.083094   0.117442   0.099695   0.105953   0.117839   0.249831   0.116539   0.152789   0.152116   0.124125   0.180543   0.160994   0.169016   0.241397   0.156233   0.130760   0.215607   0.124194   0.094421   0.087136   0.078054   0.102089   0.109261   0.085806   0.125079   0.139747   0.104756   0.116840   0.133033   0.106449   0.125319   0.171816   0.140965   0.128998   0.200187   0.266519   0.472202   0.389789   0.112231
"8  object16  SE3"    0.224199   0.126163   0.101168   0.093675   0.080734   0.099293   0.101422   0.082921   0.117217   0.099485   0.105729   0.117611   0.249354   0.116327   0.152472   0.151798   0.123857   0.180168   0.160653   0.168659   0.240920   0.155938   0.130511   0.215177   0.123969   0.094221   0.086965   0.077899   0.101886   0.109038   0.085637   0.124835   0.139470   0.104561   0.116614   0.132763   0.106232   0.125052   0.171479   0.140693   0.128764   0.199874   0.266160   0.471412   0.389104   0.112063
"9  object64  SE4"    0.226179   0.127607   0.102372   0.094763   0.081678   0.100418   0.102547   0.083879   0.118522   0.100618   0.106915   0.118847   0.251889   0.117576   0.154189   0.153484   0.125258   0.182062   0.162395   0.170499   0.243295   0.157500   0.131882   0.217491   0.125286   0.095320   0.087944   0.078786   0.103032   0.110275   0.086605   0.126239   0.140977   0.105685   0.117885   0.134249   0.107436   0.126485   0.173304   0.142210   0.130110   0.201628   0.268102   0.475241   0.392482   0.113130
"10  object256  SE5"   0.226483   0.127843   0.102577   0.094943   0.081837   0.100603   0.102732   0.084040   0.118740   0.100803   0.107105   0.119039   0.252267   0.117784   0.154468   0.153752   0.125482   0.182337   0.162658   0.170780   0.243615   0.157730   0.132097   0.217852   0.125502   0.095506   0.088107   0.078936   0.103222   0.110480   0.086768   0.126474   0.141214   0.105869   0.118092   0.134492   0.107636   0.126720   0.173588   0.142454   0.130327   0.201889   0.268360   0.475648   0.392884   0.113310
"11  object  t1"      7.211015   7.751647  13.343680  11.680546   6.187141   2.490169   2.006724   1.618213   3.361192   8.854655   2.174882   1.111240   8.017570   7.130949  13.598205   3.771540   8.652691   1.119587   0.276385  -1.028949   0.371537   1.146063  -0.701684   7.141289   9.482631  11.399588   9.686900   6.283804   5.253320   7.215374   6.144352   6.880059  12.311924   7.869201   2.123979   8.895048   7.323924  12.087119   8.111469   9.949696   1.256171   0.269642   0.205920   0.070425   0.313841  -1.248954
"12  object4  t2"     6.504533   7.802281  13.472939  12.577509   9.049422   5.202954   4.266633   2.736809   4.490372  10.871910   4.878544   4.299922   7.729003  10.139702  13.577397   6.256658  10.600649   2.778211   1.760941   0.109352   1.081796   2.811590   2.596542   7.973838  11.397790  11.512325  10.520040   8.556494   8.039426   9.442062   7.973875   5.546644  13.258940   9.658946   5.089226  12.511702   7.206748  11.609063  10.460888  12.034669   3.638658   1.661800   1.137172   0.987527   1.510224   0.535829
"13  object16  t3"    6.689323   7.384958  13.272479  11.887406   7.611433   3.805798   2.683469   2.136324   3.704772   8.628613   3.389289   3.887843   7.489114  10.357928  12.888949   5.945689   9.736111   2.491173   1.720420   1.180131   1.136936   2.318672   1.260496   7.446854  11.204407  12.039489   9.935857   7.401066   6.492586   7.909484   7.405173   4.884429  11.846105   7.923738   3.671902  12.037516   6.983260  10.942176   9.281875  10.473270   3.909698   1.856815   1.688793   1.101137   1.358217   1.439296
"14  object64  t4"    7.012633   7.970980  13.260798  10.290483   4.846558   1.355992   0.816714   0.335313   1.184493   5.687219   0.214791   1.562890   7.915458  11.940953  11.865655   4.572267   7.439110   0.855188   0.491652   0.382479   0.100912   0.440857   0.318061   7.411802  11.594355  11.353077   8.422956   4.898351   3.506778   4.501172   3.677474   1.745733   9.797171   6.663929   2.099284  12.535800   8.954641  11.314266   7.855699   7.530408   2.179436   0.912895   1.288636   0.568085   0.544180   1.598244
"15  object256  t5"   7.768295   8.153458  11.852784   8.926624   4.553486   2.176137   1.234251   0.062186   0.509750   4.219574  -0.530115   0.725518   8.370924  11.568511  10.317874   4.268149   5.609619  -0.142515  -1.011473  -1.193796  -1.087089  -0.544694   0.494912   7.886524  11.444437  11.530651   8.185271   4.936623   3.593627   4.405083   3.044533   2.015723   8.658030   5.412556   1.921043  11.659521   8.664559  10.996083   6.812910   6.661906   0.945865  -0.072453  -0.383481  -0.863858  -0.695703  -0.206861
"16  object  p1"      0.000000   0.000000   0.000000   0.000000   0.000000   0.012927   0.045044   0.105928   0.000805   0.000000   0.029869   0.266721   0.000000   0.000000   0.000000   0.000172   0.000000   0.263149   0.782295   0.303754   0.710294   0.252035   0.483022   0.000000   0.000000   0.000000   0.000000   0.000000   0.000000   0.000000   0.000000   0.000000   0.000000   0.000000   0.033912   0.000000   0.000000   0.000000   0.000000   0.000000   0.209347   0.787504   0.836871   0.944123   0.753715   0.211973
"17  object4  p2"     0.000000   0.000000   0.000000   0.000000   0.000000   0.000000   0.000022   0.006312   0.000008   0.000000   0.000001   0.000019   0.000000   0.000000   0.000000   0.000000   0.000000   0.005566   0.078550   0.912960   0.279597   0.005024   0.009552   0.000000   0.000000   0.000000   0.000000   0.000000   0.000000   0.000000   0.000000   0.000000   0.000000   0.000000   0.000000   0.000000   0.000000   0.000000   0.000000   0.000000   0.000288   0.096858   0.255734   0.323613   0.131299   0.592211
"18  object16  p3"    0.000000   0.000000   0.000000   0.000000   0.000000   0.000150   0.007404   0.032891   0.000223   0.000000   0.000728   0.000108   0.000000   0.000000   0.000000   0.000000   0.000000   0.012890   0.085662   0.238227   0.255834   0.020610   0.207774   0.000000   0.000000   0.000000   0.000000   0.000000   0.000000   0.000000   0.000000   0.000001   0.000000   0.000000   0.000253   0.000000   0.000000   0.000000   0.000000   0.000000   0.000099   0.063627   0.091564   0.271097   0.174700   0.150370
"19  object64  p4"    0.000000   0.000000   0.000000   0.000000   0.000001   0.175405   0.414298   0.737443   0.236492   0.000000   0.830006   0.118387   0.000000   0.000000   0.000000   0.000005   0.000000   0.392655   0.623105   0.702162   0.919598   0.659433   0.750508   0.000000   0.000000   0.000000   0.000000   0.000001   0.000473   0.000008   0.000248   0.081159   0.000000   0.000000   0.036037   0.000000   0.000000   0.000000   0.000000   0.000000   0.029528   0.361519   0.197816   0.570136   0.586437   0.110300
"20  object256  p5"   0.000000   0.000000   0.000000   0.000000   0.000006   0.029774   0.217390   0.950712   0.610350   0.000027   0.596153   0.468314   0.000000   0.000000   0.000000   0.000022   0.000000   0.886655   0.312030   0.232830   0.277249   0.586092   0.620758   0.000000   0.000000   0.000000   0.000000   0.000001   0.000342   0.000012   0.002390   0.044092   0.000000   0.000000   0.055004   0.000000   0.000000   0.000000   0.000000   0.000000   0.344451   0.942094   0.701458   0.387862   0.486769   0.836182
